image: exhibition_bordaux_alina3.pgm
resolution: 0.050000
origin: [-13.600000, -20.000000, 0.000000]
negate: 0
occupied_thresh: 0.65
free_thresh: 0.196

